983.892334
103.801468
230.222214
186.720123
0.178608
1322.311157
1629.735474
0.772017
3.407207
5.099500
1368.933838
3.558148
1.654238
10.138371
40.817253
0.156465
1.833190
10.521435
6.117041
0.431005
0.097849
0.761146
1.965793
412.484253
0.000000
0.710459
1.228062
10.181390
0.000000
1.183076
1.643568
0.939271
0.772417
1.670987
5.724644
8.080259
1.295123
1.499957
5.050169
0.608233
0.095042
0.721667
1.261034
0.528015
0.775473
1.197986
1.570180
8.017136
1.241538
1.668470
5.678461
2.781316
0.201602
1.538851
5.009067
0.153983
0.000000
0.986411
1.326845
0.715524
0.775216
6.633279
1.439540
8.129004
1.247844
4.895245
17.222519
2.820641
0.208173
45.157173
16.794006
0.158264
0.000000
36.702179
56.384708
0.715081
0.774936
17.101927
50.049328
8.127175
1.228672
154.545578
41.441040
2.813594
0.191786
99.559441
309.559814
0.145665
0.000000
58.682621
230.519196
0.714520
0.297640
1169.249146
52.749882
0.765090
0.117535
405.698120
248.980850
3.459764
4.987273
243.661819
405.940002
11.342044
10.813135
495.105255
290.134369
0.180778
1.328891
518.340454
3529.833008
0.368575
0.133172
638.628235
3258.588379
0.088207
1.282362
331.672974
3895.054932
1.592781
3.903610
304.527313
4412.685547
0.466307
0.121577
435.319366
4287.919922
1.064469
4.957348
556.979065
3742.624512
6.782248
1.473222
465.207825
5114.706055
0.124050
0.400924
620.890503
5011.134766
0.268115
0.557731
863.063965
8362.984375
0.000000
0.010002
1061.780762
8831.000000
0.002684
1.341516
926.793091
11365.697266
0.059775
11.021734
879.346313
16505.626953
4.056973
0.478560
1072.931641
26675.570312
0.404308
0.576873
1486.752686
25841.310547
0.578133
0.426133
1190.733521
29605.570312
3.597813
1.348482
745.076477
25826.826172
4.761388
1.382776
1241.602905
27587.861328
1.742800
1.669528
1205.594971
29085.416016
0.186248
10.950636
1140.936279
28656.703125
4.161646
0.532510
1555.140869
26842.421875
0.012831
0.009781
1274.787354
40878.613281
0.002625
1.416153
1241.192749
36282.925781
0.083215
11.044806
1248.727051
38785.410156
4.057141
0.372992
2588.369141
38725.347656
0.027851
1.426032
3316.119385
37472.144531
1.225671
5.056099
3136.187744
2610.221924
1.622076
3.952978
897.995361
18824.515625
0.407380
0.618314
653.607849
0.000000
0.010782
477.745361
0.002893
1.435738
131.463928
38.262093
0.085624
11.009833
34.024014
114.167343
4.486306
0.159544
85.484444
32.435711
1.538797
5.012663
35.046425
31.050045
5.621754
1.487967
41.325893
38.223572
0.149076
0.434853
34.024014
36.906582
0.327601
0.121242
33.345181
32.435711
0.080371
1.206620
35.046425
31.050045
1.489990
3.863752
41.325893
38.223572
0.433056
0.434045
34.024014
37.919529
0.003024
1.406704
33.320980
32.626968
1.208935
4.923822
34.585033
33.634754
1.575738
3.864152
39.557095
36.410713
0.463562
0.471437
31.477106
31.289534
0.003394
1.399235
36.515995
32.472282
1.207981
4.897286
31.956099
37.732819
1.608667
3.850974
35.288952
45.304440
0.545621
0.145099
34.209656
36.968143
1.220731
4.889527
37.745823
38.797478
5.489557
1.361592
50.500729
54.055820
0.129954
0.386774
65.543503
111.837769
0.268508
0.395044
134.410202
165.743103
0.465271
0.116366
188.492828
195.430679
0.076826
11.095364
201.278000
226.644287
3.927064
0.475210
287.174438
322.397003
0.010609
0.009266
352.371521
844.104980
0.002487
1.357442
1084.878662
1302.178345
0.073460
11.222378
1383.081543
1298.983521
3.978435
0.467876
1305.803467
1057.068604
0.009692
0.000000
1114.321045
764.905334
0.000000
0.000000
498.283569
1050.985229
0.556761
0.397710
724.608948
688.173096
3.806622
1.373391
544.919800
521.324951
1.247437
0.118215
621.223938
417.666046
0.188882
4.219318
509.247375
666.935425
11.043246
0.070130
660.283386
626.008850
1.482431
0.021192
552.974731
337.973846
0.021190
1.352943
326.293457
394.349365
0.055066
11.156709
434.776093
1770.080933
3.831203
0.474323
1304.398560
2453.295410
0.009722
0.008939
1849.041138
2149.123047
0.002213
1.444911
1821.642822
1228.019287
0.376935
15.430058
3.477248
0.403870
0.984116
0.105384
0.136756
521.713135
0.558356
0.403292
0.923615
5.699001
0.534706
0.962241
0.466434
0.135085
2.798481
3.996306
0.574734
0.341923
3.300609
0.378132
0.289249
0.120842
0.176236
0.435809
6.851026
0.138363
0.765524
14.945332
0.240229
7.824634
0.283137
17.768190
0.308168
0.191128
28.693041
6.729183
2.884062
0.460779
508.246643
24.126232
3.329005
5.023197
53.913010
65.047264
0.757087
0.061760
66.159538
10.217692
0.517832
0.428392
4.432591
2.142292
2.884042
0.488245
1.689429
0.203837
3.271643
5.010496
0.450677
0.327742
0.759246
0.063882
7.095815
0.454049
0.499759
0.435493
0.704255
0.513519
2.905531
0.501156
0.514858
0.642772
3.588657
4.995722
1.167641
1.000355
0.765672
1.058632
0.795505
15.957475
25.850409
0.008153
3.188116
1.712895
29.694815
225.159485
6.194760
5.918257
25.411835
3.815965
6.855044
0.779411
9.342642
27.801313
1.135563
0.852284
2.357322
0.132616
1.905413
2.263812
3.478464
1.609161
7.244423
7.148622
0.702296
0.328951
8.161755
7.688479
0.135139
0.000000
3.383967
4.158950
0.135348
0.000000
0.653269
0.677902
1.684477
0.420174
0.341232
0.203205
0.869961
11.027374
2.335262
0.953070
0.943987
1.418568
0.529264
0.681412
4.986541
1.535368
0.248965
0.123868
1.114601
4.854749
0.281228
0.161656
0.391929
0.147572
18.663961
0.832258
0.135286
0.456513
26.902637
0.506705
5.070858
1.400490
0.369559
0.380768
1.086264
4.940781
3.989996
3.952944
0.002978
1.405505
8.806550
0.131460
0.457382
0.382914
0.163954
0.679544
1.383521
3.754924
0.512287
0.690944
1.076755
1.320753
1.274981
1.347433
0.002601
0.010355
0.271781
0.572057
0.010026
0.000000
0.173188
0.129099
3.842904
0.481232
4.906013
0.218609
0.055029
11.223315
1.033794
0.259441
0.002485
1.357974
0.148239
1.254137
0.009081
0.010009
0.117212
0.128175
3.834373
0.470611
0.128132
0.861161
0.054700
11.156439
0.382182
5.105774
0.025599
1.413698
2.594826
0.510787
1.457378
0.025591
0.132186
0.127038
5.022396
1.157442
4.905678
0.224159
3.822973
1.483082
1.072181
0.181224
4.749202
0.383189
6.650465
1.726754
0.041917
0.588505
0.088658
5.780806
0.302435
