17.603485
3.170570
3.252890
0.998172
0.158913
22.981976
23.796877
33.507053
24.043488
3.205446
2.247410
0.661525
3.668178
0.340841
1.904380
1.619750
0.163873
17.189348
0.791375
1.048953
5.629206
1.567940
3.725320
3.495192
3.702705
9.958368
227.543625
253.138062
92.763176
0.570003
0.493083
0.472839
1.873387
185.376022
0.135497
0.135289
1907.111450
629.779846
2.992818
0.355110
4.158955
0.904946
2.041800
2.041800
12.482833
171.826401
0.063866
0.846246
0.901325
6.094885
5.824125
0.000000
0.386734
0.387393
0.384382
0.552077
8.604720
0.375607
0.352250
1.548609
1.485691
17.127316
2.988185
0.002379
0.813224
0.419496
0.633980
447.661865
1426.604004
0.448227
37.520817
10.070713
0.933864
87.722908
23.146170
23.246773
0.888164
136.401154
386.499207
0.159660
295.907684
708.750549
0.772278
785.306702
3.165610
2142.928711
0.000699
1995.858643
2.611475
1871.127197
6.968393
8.179172
0.653310
282.679901
1131.508911
1.994739
23.412840
37.761951
43.628399
411.719604
409.118988
406.990967
112.937050
192.898834
157.842819
519.806458
482.796844
145.974380
5.365782
5.269454
0.160033
905.558716
195.535873
3.635031
2.954430
20.873924
247.985016
974.824036
1000.938293
1535.095459
2369.947510
2.176873
1126.244995
1.554468
1.638828
1.743053
6.823333
339.744995
1.401891
749.909485
0.375261
716.944214
0.615145
721.517029
11.795054
996.266968
1.595076
1192.906006
1.095827
1219.908447
0.162148
1373.926758
0.156503
686.919495
0.000867
634.313904
0.882919
808.374207
0.786891
1700.460693
3.391707
1470.286011
7.838967
642.373291
2.102698
380.410614
0.173339
276.693146
1.196352
173.872314
12.256657
139.171356
3.626386
77.200394
3.725520
17.042797
1.083383
6.953524
0.657666
3.833286
5.665270
3.295382
1.991520
2.899961
0.812518
11.522743
0.363278
66.607460
0.348413
42.888371
1.610987
4.336465
1.800856
4.573206
2.170326
6.507164
1.629025
10.784370
2.048844
55.528469
7.767569
243.732040
5.455752
363.947235
21.844036
521.652405
1602.232544
62.062859
674.344177
2.061069
366.719971
78.595596
80.741905
1189.717285
2.473358
1.236442
21.386421
148.601044
1.862194
3.869152
1063.058716
0.058571
0.000745
0.000000
0.000000
1.088972
0.259509
0.134992
0.205138
0.223042
4.452386
98.366043
42.744267
588.897644
2.857786
1.340813
10.211524
780.129272
3.206802
917.861450
3.379759
757.430115
3.354162
462.014160
9.003957
485.019897
1.951786
605.636353
1.595072
251.641861
7.748254
165.741562
13.160434
155.706589
2.727186
450.843018
1.341566
346.836761
7.869892
56.685074
2.348103
55.324894
0.149080
189.297165
0.829990
147.030106
0.947997
93.459030
0.952229
21.415575
7.976428
19.517962
2.230294
1.916000
28.470293
77.037193
14.883698
41.205074
18.003679
21.846638
0.298577
20.063549
4.479790
1.509991
1.379362
6.358611
2.087965
22.062948
5.867913
1.868995
0.577868
62.567310
0.743261
0.514620
0.163105
6.516219
45.157703
360.109833
611.132263
765.396118
1638.711304
1687.858032
1876.329102
337.076904
262.974762
251.404129
238.815079
47.693764
3.383228
54.892967
959.526245
1819.704590
1800.443604
1609.879517
1585.459351
9227.400391
22700.322266
18455.892578
66.262154
336.195862
322.496307
6745.572754
21204.978516
117.809761
5.827941
2.413862
1680.715576
237.796814
432.896210
858.255188
1073.509155
667.809265
436.563721
753.833435
12.206645
18.151348
22.174408
1460.841919
1355.636841
848.718262
472.727631
1054.941284
2000.518921
1800.623169
1740.655762
115.829964
1.857919
1077.594604
904.742676
59.988743
13.176164
1548.266357
23077.525391
0.386393
2.561445
1022.248962
0.637748
0.250995
1.420987
8.856183
10.180758
1.612951
0.126215
0.713840
1373.504639
3.909135
1.549011
0.091080
0.050974
0.472729
1007.212280
3.677872
2.618940
4.014078
1.754009
0.119989
0.068875
0.061159
0.057472
0.498455
1.747534
779.851440
8.658610
1.602094
2.187971
1.989197
9.226849
36.550941
912.662537
17.963583
16.023296
5.734139
13.074188
4.204154
1743.450317
1281.848633
0.561271
2.361393
2.361393
13.354678
4.642255
0.216060
0.816851
1647.887451
152.311340
0.220280
7.640691
6.690573
0.001585
0.001585
0.001040
1897.911987
14.389255
29.696033
99.452988
131.228195
544.078674
12.307541
13.694223
27.137974
2246.829102
57.260063
105.120903
80.773193
108.383102
7.064569
7.733819
19.420576
75.889023
518.559448
1.239752
1.237551
47.378803
12.898507
72.105164
431.259857
3.621829
1.194407
1.343155
4.203777
1.655437
0.580964
0.889002
20.069033
406.657776
3.010078
2.929985
1.154703
0.920261
1.790269
4.275832
13.328261
197.211761
1.401069
2.117702
0.834426
250.841949
11.622676
47.828121
1086.068726
716.546936
452.862793
320.673859
219.541153
218.595032
2.260117
1847.971191
35.044964
26.184973
37.098679
11.015446
216.180939
605.659363
1129.212036
845.977112
602.050781
89.159943
32.748615
105.414070
700.359070
108.290710
808.519043
116.741295
1228.705811
30.701069
893.531921
47.525993
854.967651
50.156788
632.713806
146.325745
1506.896606
169.411713
1353.494385
296.582275
586.871216
443.793274
574.105774
369.669769
580.932617
81.054764
780.306030
87.043571
219.166656
157.548859
255.260345
188.395660
391.580170
793.575562
575.757996
972.749573
747.841614
1021.363953
778.982727
997.633362
1718.901245
961.470093
929.237366
881.169861
138.563980
568.887024
283.342346
854.283203
414.682861
1170.308228
453.204468
1967.112915
67.611313
2013.241089
342.081360
2211.746094
674.621826
478.901520
1312.024780
4.648991
204.429947
2.533362
563.027466
6.037927
655.330688
6.065905
1052.913818
1.278464
1195.128784
0.892888
1344.005981
0.149512
626.204346
0.642145
1252.524658
2.496942
370.774109
0.068442
388.256958
1.053916
384.111511
1.329555
275.202667
3.004134
236.485184
7.658048
123.579758
8.550404
104.035988
1.735211
148.738022
0.974717
513.978394
1.622279
630.668701
3.083611
671.280396
2.379217
792.561279
0.834770
851.266846
1.890218
907.341431
13.824249
1409.619141
54.759949
1345.618530
415.399475
1753.997070
375.449677
374.571320
55.619774
1191.611816
5.913790
1.429623
0.963600
1.126302
21.419863
53.898941
664.209961
741.541199
714.566162
0.101761
6.671738
17.710037
17.710037
3.432881
141.690018
156.817520
0.490814
1.319154
47.362770
683.235901
4.770221
884.970764
123.177155
26.056170
27.308699
1.641541
0.020480
763.696289
1.842052
213.645981
38.397289
55.555798
17.082468
1.560603
780.783630
480.123688
11.505520
11.350905
64.957619
122.695534
253.284286
878.216187
259.863403
764.895386
279.052032
1095.505859
325.422272
5.237326
522.607910
6.598864
1027.623779
2.313302
1273.435669
9.859674
1255.385864
11.162688
1192.958496
294.134460
407.436188
440.767609
555.172668
329.107086
1109.788330
602.885437
1417.818726
1059.132935
364.736450
479.073029
863.105774
2050.968994
1371.689575
254.503113
927.223572
289.603149
303.546021
573.978760
1217.908081
6251.956055
9847.860352
11434.749023
2341.186523
1050.996094
598.355103
1481.237549
1585.795410
1953.306763
1824.888550
2790.084717
6872.918457
29139.472656
100.900864
1117.569702
614.912476
10.305795
0.680850
3.687415
1.585764
1.417337
9.752119
186.430618
1035.029785
6694.224609
6.923216
1005.206299
51.078423
54.179508
28.128004
2.339967
14.376467
6.723006
9.214463
1257.495117
76.340317
3.384793
21.232903
1373.985229
35.160366
1357.340332
9.565711
1228.058716
25.897303
858.466248
36.638809
621.597473
68.739494
922.526489
1627.527588
1380.310913
1313.492676
1827.125366
1296.755371
2183.705322
1735.452637
2841.173584
1124.781860
2965.482666
701.472778
3316.109863
387.287750
3749.245117
439.089966
4030.895996
396.362701
1623.258911
467.718018
2120.586182
446.002625
1958.347656
1716.199707
82749.890625
236.119354
250.519989
1859.689209
59406.132812
282.947998
247.884476
546.049988
692.300415
6345.406738
30976.126953
323.979828
3509.885986
3954.652100
4332.035156
14413.428711
341.873840
4349.804688
5310.112793
410.934296
2287.895752
400.481537
4012.495850
473.112976
5254.848633
306.423950
6219.608887
1245.288696
7133.933105
1877.735107
7936.953125
2523.975098
8291.263672
2662.004150
699.352051
2622.096436
780.295959
0.290592
1.806129
1986.322754
526.643311
0.230258
1.038248
0.077067
0.363555
0.091734
130.700073
523.846802
0.469650
0.469256
0.433716
0.369746
8.091161
34.239830
612.703064
126.397095
593.324585
2001.437744
613.329590
1212.500366
22.778713
2.626196
0.842965
635.886902
1856.373047
525.423157
582.143738
528.489746
241.083099
217.176315
1352.053345
4674.301270
10235.592773
5607.652344
394.042755
1927.337402
1791.088379
1675.533813
1659.508667
26299.542969
382.407715
5.663714
0.371431
361.889893
452.661346
1515.681274
454.863159
44.284657
265.938049
48.810913
282.389282
37.938808
313.516388
27.294844
334.650818
30.195225
385.423248
0.386510
310.114075
2.646545
286.930298
2.278758
303.358643
1.762536
1020.461182
392.354523
230.525772
157.475876
72.859322
45.488640
2707.845947
2.105422
291.744598
1302.908203
1828.032349
1466.526733
422.899933
1044.023926
288.965881
2930.146240
2.904879
163.237015
163.805847
4.534286
148.319153
1775.602173
3608.042969
8487.685547
2110.416260
2954.008301
185.969772
8.853988
0.027456
4.750321
45.758465
1171.994141
49.256683
500.628662
1443.306396
3115.722412
653.384766
3.221311
7.822066
9.191481
1797.714600
1586.141846
3.972907
14.201838
63.942257
3167.011475
157.318680
3.471861
419.394135
1723.282349
638.265625
130.183243
64.223038
0.903878
69.034668
3068.021240
2503.443604
40.152538
2542.322510
15.479345
1359.824219
47.438015
1715.374390
113.783714
2377.999512
59.227440
3566.877197
46.250702
3869.429932
36.156574
3354.842529
5.411251
2324.982422
1265.496216
1853.465332
1153.480591
1557.563477
1397.393799
853.652649
1521.669678
937.676941
1819.654175
1198.791016
1721.950073
1749.602661
1620.097168
1838.719482
269.152435
1843.651855
309.969666
1701.413574
283.039520
1439.329834
298.155151
844.353577
340.226532
457.474518
236.419601
581.861267
241.532059
719.748718
247.380035
908.453369
284.618042
1317.223633
1739.016235
1363.113525
2561.415039
1325.370117
2846.189209
880.714783
2925.238281
690.237061
2872.643066
646.998108
2274.997314
454.464996
4.173793
6.627701
0.926267
0.242906
0.649802
0.450993
1.484634
8.594503
9.951049
1.625528
0.127963
1.844701
475.042999
166.492432
266.222931
274.533112
41.358242
14.871822
2.379886
0.634061
0.390814
1.445554
495.743469
781.400818
823.759338
601.534302
638.866699
1370.108276
646.684570
908.984070
1285.752686
1274.635132
1381.063721
631.067993
1196.776123
11826.392578
11628.602539
13519.181641
765.355286
2048.010498
1990.629761
1939.793335
1472.887573
755.845642
16155.863281
19672.890625
15380.919922
29274.328125
1375.712036
238.416901
55.482246
1423.993408
1389.686279
19511.121094
167.601273
9.136807
15.156157
60.856556
30.896807
39.382698
61.648529
6.996106
1179.768677
129.897110
904.599426
670.524353
746.878601
794.665466
756.201904
629.880066
445.175140
236.324402
89.452003
78.657776
7.575637
3.480861
18.467087
140.990036
658.040100
437.759857
362.405914
304.281006
453.274750
4822.927734
8995.708984
12296.991211
13983.152344
204.374023
2624.439209
2093.235352
1958.723999
1658.479004
1208.401611
13067.434570
16380.384766
270.858551
1996.774048
2088.808838
34296.335938
280.304993
78.855492
69.421631
85.162674
88.832420
79.932159
78.323418
84.018036
695.016418
874.839905
11138.527344
276.762817
253.760452
292.295288
159.981949
375.678162
68.165680
139.165726
396.421478
657.146973
725.924988
799.162964
275.960632
473.135773
410.393677
520.250549
594.704285
2260.677979
4847.347656
4409.507812
2756.051270
278.421265
166.622055
248.684387
1792.223022
3399.960693
4609.264648
9104.869141
4462.518066
5483.458984
0.046609
258.018829
15.938007
0.518083
0.066122
0.065176
0.065180
1.247814
0.024093
0.052644
0.142291
15.666378
0.272867
0.067348
1.334168
0.204733
0.392948
15.791113
35.020283
6.688199
0.095793
4.886399
4.781462
0.170792
0.000000
0.000000
0.002473
0.225297
7.476479
0.506179
0.060926
0.725652
1.606197
3.558431
2.685875
0.129501
109.121727
31.187416
0.194447
40.470459
56.760406
0.105600
1.476008
0.045239
0.180326
0.203712
0.184139
1.916203
0.056910
0.577701
2.183455
0.458605
0.457573
0.468457
1.318755
7.596763
70.073029
7.739668
14.475232
43.311211
0.151788
0.151387
1.298933
4.975596
53.570305
6.104079
0.113815
4.436656
27.621078
62.477657
5.203468
23.669680
77.346260
1279.531006
3.584438
0.883526
0.381931
3.938913
1.902342
12.037773
1.992042
28.985054
0.202160
1.219971
0.010705
0.010809
1.741185
0.665731
0.148854
0.162078
1258.751831
6.073218
0.585304
0.586429
0.427167
0.114662
0.683857
2.628448
1.179734
1.350647
17.219725
19.045605
1.472774
0.078086
4.478737
1.407695
0.443900
0.065659
0.120377
1.651941
10.194176
8.817451
0.353825
0.442094
9.022239
19.548239
20.642279
6.842844
26.146530
0.351036
0.060939
104.407761
27.125027
13.847631
3.724318
5.420439
31.460344
14.914124
4.832173
4.656466
6.361099
0.004202
67.394867
1.758078
263.688965
6.207466
652.119812
1.519801
580.215759
0.090846
643.426819
0.477444
899.379456
0.588782
855.841675
5.437099
375.510620
15.063972
499.129028
3.055277
500.632812
1.140768
453.198822
2.625750
410.201080
0.323519
377.117310
0.131483
559.132446
5.955332
581.747131
14.368258
700.481445
4.253222
940.748108
0.002700
1105.028076
1.376051
1150.347534
0.122075
1138.703735
0.775007
1055.314331
62.724453
342.932434
254.333252
526.012817
393.756195
2011.404541
246.544235
2290.753906
57.869850
2782.841553
19.140699
2737.736572
4.499609
2732.383057
4.088008
3448.855957
1.475591
126.141243
1.037884
128.331268
1.709935
119.958435
2.035714
128.004044
1.133657
102.381233
1.481874
120.212326
1.983052
138.059601
6.293239
121.431160
72.660782
105.716019
186.651794
92.339447
153.300735
60.103237
62.435753
62.691658
13.892792
290.765961
1.540881
396.861877
4.500834
578.412659
24.746498
566.697815
41.492279
547.723206
69.085335
640.353882
129.184174
1129.123169
108.333328
1531.573364
0.518173
775.036926
606.338379
122.600838
86.531059
1135.476562
0.276831
1.516780
4.891045
1.043063
11.626691
12.609838
15.272985
489.427826
678.871643
1.142144
0.352157
0.358900
0.276965
0.580483
19.917994
14.418614
0.096441
0.096289
0.110143
697.424561
6.722660
0.240576
0.367153
22.001804
13.774093
3.392328
3.156600
1442.193115
0.626189
17.673098
11.868460
0.130556
0.056111
0.055537
1348.001953
848.818604
1.748944
0.350289
0.727918
0.602815
497.402527
842.814636
481.776978
72.071098
452.628937
5.071872
412.846497
0.320221
348.516388
0.160976
189.640411
0.179480
159.326843
17.800194
185.017334
17.823341
209.148712
5.939006
0.491464
0.662493
0.666273
0.480769
215.145782
23.318216
3.455619
3.455619
1.263427
1.544820
0.044872
0.229526
12.258633
90.695557
251.913437
0.384829
1.096470
0.062433
1.053998
1.701306
3.851757
8.861535
21.482267
497.727234
1.006985
0.457294
0.458000
0.458729
0.461146
0.494776
5.367269
13.641859
54.774136
392.430725
0.088898
23.197973
25.963379
0.343977
0.086329
0.490005
5.378860
13.977427
3.769799
0.080859
29.774210
69.621613
0.190397
10.068860
1.373010
17.902018
9.381457
0.559736
0.144683
27.751200
7.665524
7.619817
6.553949
18.024239
3.696088
17.714033
4.659226
26.586700
6.496454
32.414200
8.946961
34.207096
178.156052
37.332714
118.173882
39.560703
71.032646
40.542683
77.347694
35.604424
482.604706
70.780891
376.012695
131.502899
95.244789
157.811172
536.876709
185.489136
176.152557
221.372650
10.478054
334.330078
1.457506
1290.081177
0.149416
347.439056
424.542297
1145.833740
0.486500
334.681213
497.980591
4061.664062
0.058201
500.356506
565.322571
1016.316711
6723.713867
9289.693359
1.810070
1625.428345
948.796875
1378.903320
13663.162109
5.540190
262.444580
7132.834473
1.096322
356.264771
0.250890
408.253662
0.823957
413.860138
0.868189
447.636780
2.068751
453.886230
0.455357
368.457153
14.443500
400.225250
16.239178
442.453949
2.500355
547.594238
402.432251
1731.060059
8.694448
601.943054
0.709741
79.581863
78.823601
76.928612
1708.994751
535.846375
634.598145
0.458098
0.458098
0.458098
0.460115
0.228018
0.232985
632.434692
1.298419
437.876587
5.551488
0.463625
0.048409
0.051924
0.053630
0.200862
632.653381
0.991596
0.217922
1.346046
7.446959
0.914336
0.212530
0.131572
0.144393
0.145360
0.141248
667.673462
1.104155
1.790144
2.636162
0.786872
2.946209
750.528687
1112.375732
3.881381
0.424333
924.360718
1121.826904
1102.284180
1408.214844
1166.875854
2140.591064
1265.674316
1954.173950
218.908585
1327.215576
194.504547
1009.382568
147.902390
1676.544922
161.885391
488.991119
1767.783936
1551.507446
2194.620361
1674.326416
8.041990
4.940760
5.941598
3.293894
5.974205
39.372013
2451.706787
2416.227539
0.422084
0.748372
20.272043
20.619854
2.295135
7.239980
8.915423
2455.677490
1885.914062
3.905220
1.061283
4.986165
0.541411
0.110230
0.059991
0.074698
19.552036
2335.957520
1627.290649
3.000754
3.816735
0.611039
0.536584
3.529719
3.941630
5.658783
26.850126
2183.795410
1735.512451
0.429719
1.480019
8.932660
10.129972
0.345458
3.455374
4.096236
16.286619
1871.365356
8.807567
4.010405
7.860229
26.430208
0.551912
0.448832
0.534672
0.533248
6.526637
1602.578369
51.416786
4.429481
1767.191162
1.547268
855.078979
0.097303
750.140320
1.360709
871.143250
0.652386
680.502869
10.047341
831.942261
10.720057
840.033691
1.621620
1185.059204
1.664781
1156.853882
9.409492
1240.238770
18.245909
654.725769
8.755063
608.133484
2.099800
682.136353
2.729629
299.192657
2.885363
274.787140
8.071567
275.678711
3.367629
392.623840
17.062807
601.855957
43.526890
837.032471
20.932251
939.650391
33.343105
870.251587
89.370415
800.563660
266.892578
384.276001
273.372375
311.526703
36.477699
321.541748
16.798712
347.236938
0.718761
563.968872
0.419956
642.015015
0.418964
755.603699
3.759679
737.263184
0.134908
0.085206
0.152389
2.840470
20.380503
1311.152954
1359.906128
576.410278
265.657196
6.604855
1951.067261
1945.476318
665.530762
0.088945
0.081942
0.107000
11.053822
15.524110
4.788378
0.399309
0.377107
1205.717651
745.562500
3.756117
6.760509
45.161629
1.432846
1.781569
7.088919
406.961548
0.563167
2.079033
2.136220
15.580702
14.926932
6.725741
53.315075
10.699648
411.302826
1.236650
0.077420
7.629692
7.554946
4.640899
7.558980
8.300149
1.606917
3.645293
37.101040
341.214874
1.071506
1265.171875
289.117676
1.838026
299.915741
2.430320
1.019919
2.684414
11.317419
2.035184
0.674427
0.713718
3.725404
1422.118164
0.243141
0.215605
0.215521
0.219499
0.676057
4.701144
10.307677
0.313780
9.497373
29.924212
6.696735
6.685161
2.617268
2094.379639
14.077463
214.784637
165.791275
0.874402
0.322590
0.668348
9.735025
32.990597
4.671442
2178.446045
0.507290
0.057610
0.068874
3.172084
1.244850
20.831242
12.951630
2559.954346
26.514366
21.141277
1.847023
2702.969482
227.702820
0.247151
1.027184
0.329000
0.249960
0.228111
0.232679
0.239642
2.053103
16.925934
2145.038574
21.925762
0.358952
2.401402
32.390831
5.525557
0.593267
73.043259
0.245196
1.074140
0.197714
35.216217
2.166285
4.192925
4.065084
4.292076
1.485035
32.013134
2.590255
12.549831
4.866806
6.312179
3.532430
0.349949
0.273749
4.472120
6.891306
24.081259
14.701888
