30.919497
440.814178
455.279449
755.173767
199.453979
267.607269
230.331726
41.802414
59.388336
133.372559
57.826195
57.920616
74.078964
416.204407
1212.070190
1418.351074
1228.346191
250.413712
1314.925293
875.407104
44.156715
54.309361
562.764465
645.754517
540.686462
554.075195
719.695007
502.289520
5592.710449
8656.541016
9931.628906
15390.443359
50.913769
807.715942
582.209412
637.505981
683.195923
708.455383
16922.662109
17688.492188
16839.439453
140.811600
503.609741
619.413330
538.792786
10603.823242
17073.464844
12473.481445
119.196007
588.725830
796.860840
969.400208
1095.375488
11813.276367
20817.835938
20372.589844
115.235313
7544.927246
1583.907227
1060.739136
1156.479370
1971.647827
27652.003906
44529.476562
37236.582031
163.914795
2266.364502
2015.444458
2670.586670
2649.612549
74171.429688
86223.500000
262.165009
1427.395142
1929.974854
112349.703125
273.628479
2347.782471
67954.312500
232.592377
3071.051270
115431.203125
206.772583
71249.335938
164.278992
84679.453125
334.506042
82327.031250
834.901062
80120.523438
937.349060
232.121033
48.476948
2777.467773
404.744629
103.346458
563.076843
406.281036
117.742882
97.439941
94.628441
81.398735
8658.274414
44.473927
58.020737
2.348466
74.584152
164.874069
94.226913
172.156326
8.297560
3124.192383
46.196957
77.832306
1.533390
0.292642
0.247959
10.044840
16.839483
29.857103
103.331703
146.592239
2510.014404
1279.348511
1278.897705
270.584045
2.257478
23.882156
126.043076
1315.870605
148.618027
964.411072
260.700226
1126.290161
370.304749
1651.037109
238.878281
2930.577637
523.578979
3297.245361
1399.714355
2984.747559
1.478477
2589.933838
1201.008911
2194.716553
1119.627930
1458.632812
529.597900
838.386414
40.109188
887.015381
1.314226
859.575439
0.817489
1024.138062
0.811749
884.884399
6.057201
745.567871
63.301422
363.352203
202.349136
541.313232
1492.709473
789.998169
1765.913208
787.542114
1976.585693
757.894470
1139.021606
705.814941
949.649536
598.868286
527.811890
231.766708
57.450516
187.929642
40.767906
168.699707
91.261986
198.168182
98.031990
1312.021362
129.766312
1587.661987
251.081772
2070.490723
324.318359
2295.136230
320.832764
2299.543945
1305.953979
2085.201172
4.673437
168.226929
6.261165
9.097420
461.375458
505.519440
10.542793
3.036865
905.396179
36.573566
133.444504
0.197598
6.426322
183.774582
181.550812
17.282656
0.415284
288.571442
417.111786
502.454041
513.291748
392.562317
479.772369
0.165400
0.510685
0.182830
0.182354
1.567345
4.830281
0.587415
15.852043
46.241821
199.725952
0.471468
36.910984
0.471076
36.749939
0.187632
117.732765
1.432282
1046.612671
1.636857
383.591980
0.358491
366.120880
141.151291
73.751213
1051.962646
99.087288
1946.834106
106.325653
1120.029541
159.458008
1432.615601
161.604904
1552.662231
149.918228
1305.298706
234.873886
903.631165
234.010315
887.241455
258.926849
899.834045
274.729401
780.352295
554.218933
854.009033
75.491516
103.953484
307.672211
1756.793823
421.197083
470.872528
62.606564
126.812645
21.217085
384.654785
74.091370
22.115978
9.477478
22.818937
118.854340
545.739136
584.898132
862.175842
950.798157
1052.802979
91.037071
83.001740
14.755026
57.114128
1307.681885
15.970119
16.942541
34.166103
65.665909
172.079147
1992.528320
1895.173462
1726.837769
1394.576416
964.892639
1212.686646
1068.864136
430.607483
52.572681
34.770290
30.103796
28.718338
36.554367
41.362576
84.831291
107.722702
647.962219
28.268110
29.748976
78.235420
112.411942
749.314209
26.013222
47.881981
44.938965
37.405716
39.864697
110.151047
149.954559
136.237869
520.283081
13.891500
29.599869
30.530485
34.478245
120.330528
122.301476
39.772678
34.815338
29.129541
20.664804
25.850712
25.952879
28.799408
30.876532
54.101059
98.328941
114.576859
113.361610
108.707123
90.065567
17.603485
3.170570
3.252890
0.998172
0.158913
22.981976
23.796877
33.507053
24.043488
3.205446
2.247410
0.661525
3.668178
0.340841
1.904380
1.619750
0.163873
17.189348
0.791375
1.048953
5.629206
1.567940
3.725320
3.495192
3.702705
9.958368
227.543625
253.138062
92.763176
0.570003
0.493083
0.472839
1.873387
185.376022
0.135497
0.135289
1907.111450
629.779846
2.992818
0.355110
4.158955
0.904946
2.041800
2.041800
12.482833
171.826401
0.063866
0.846246
0.901325
6.094885
5.824125
0.000000
0.386734
0.387393
0.384382
0.552077
8.604720
0.375607
0.352250
1.548609
1.485691
17.127316
2.988185
0.002379
0.813224
0.419496
0.633980
447.661865
1426.604004
0.448227
37.520817
10.070713
0.933864
87.722908
23.146170
23.246773
0.888164
136.401154
386.499207
0.159660
295.907684
708.750549
0.772278
785.306702
3.165610
2142.928711
0.000699
1995.858643
2.611475
1871.127197
6.968393
8.179172
0.653310
282.679901
1131.508911
1.994739
23.412840
37.761951
43.628399
411.719604
409.118988
406.990967
112.937050
192.898834
157.842819
519.806458
482.796844
145.974380
5.365782
5.269454
0.160033
905.558716
195.535873
3.635031
2.954430
20.873924
247.985016
974.824036
1000.938293
1535.095459
2369.947510
2.176873
1126.244995
1.554468
1.638828
1.743053
6.823333
339.744995
1.401891
749.909485
0.375261
716.944214
0.615145
721.517029
11.795054
996.266968
1.595076
1192.906006
1.095827
1219.908447
0.162148
1373.926758
0.156503
686.919495
0.000867
634.313904
0.882919
808.374207
0.786891
1700.460693
3.391707
1470.286011
7.838967
642.373291
2.102698
380.410614
0.173339
276.693146
1.196352
173.872314
12.256657
139.171356
3.626386
77.200394
3.725520
17.042797
1.083383
6.953524
0.657666
3.833286
5.665270
3.295382
1.991520
2.899961
0.812518
11.522743
0.363278
66.607460
0.348413
42.888371
1.610987
4.336465
1.800856
4.573206
2.170326
6.507164
1.629025
10.784370
2.048844
55.528469
7.767569
243.732040
5.455752
363.947235
21.844036
521.652405
1602.232544
62.062859
674.344177
2.061069
366.719971
78.595596
80.741905
1189.717285
2.473358
1.236442
21.386421
148.601044
1.862194
3.869152
1063.058716
0.058571
0.000745
0.000000
0.000000
1.088972
0.259509
0.134992
0.205138
0.223042
4.452386
98.366043
42.744267
588.897644
2.857786
1.340813
10.211524
780.129272
3.206802
917.861450
3.379759
757.430115
3.354162
462.014160
9.003957
485.019897
1.951786
605.636353
1.595072
251.641861
7.748254
165.741562
13.160434
155.706589
2.727186
450.843018
1.341566
346.836761
7.869892
56.685074
2.348103
55.324894
0.149080
189.297165
0.829990
147.030106
0.947997
93.459030
0.952229
21.415575
7.976428
19.517962
2.230294
1.916000
28.470293
77.037193
14.883698
41.205074
18.003679
21.846638
0.298577
20.063549
4.479790
1.509991
1.379362
6.358611
2.087965
22.062948
5.867913
1.868995
0.577868
62.567310
0.743261
0.514620
0.163105
6.516219
45.157703
360.109833
611.132263
765.396118
1638.711304
1687.858032
1876.329102
337.076904
262.974762
251.404129
238.815079
47.693764
3.383228
54.892967
959.526245
1819.704590
1800.443604
1609.879517
1585.459351
9227.400391
22700.322266
18455.892578
66.262154
336.195862
322.496307
6745.572754
21204.978516
117.809761
5.827941
2.413862
1680.715576
237.796814
432.896210
858.255188
1073.509155
667.809265
436.563721
753.833435
12.206645
18.151348
22.174408
1460.841919
1355.636841
848.718262
472.727631
1054.941284
2000.518921
1800.623169
1740.655762
115.829964
1.857919
1077.594604
904.742676
59.988743
13.176164
1548.266357
23077.525391
