1307.650269
846.925232
467.567719
176.629593
94.952057
108.384026
112.462189
104.623528
91.487114
82.171814
104.452766
160.135056
150.454163
154.719498
1236.351685
1250.511108
1575.906860
1859.334106
166.922531
146.546936
189.151184
287.810394
82.690506
96.496956
439.974121
111.965279
167.639709
7.986445
34.620857
78.043633
64.922905
123.189194
1251.501221
487.458282
69.851410
87.725121
1299.094604
1280.655273
104.256821
106.414124
4.405263
46.678455
146.906403
158.648880
1.023661
2.179305
343.384308
410.304871
0.328844
394.432190
588.489258
1.539156
849.867310
0.358037
596.989685
0.679807
1402.428345
2117.073486
0.056529
4137.994629
0.365335
557.674622
1.613725
4393.785156
20.218746
201.760681
60.747780
204.459106
18.410248
203.449036
0.720484
492.450958
14.602765
752.625366
27.719828
952.794678
7.980885
1109.879761
17.054556
1192.850830
6.976258
1126.809692
0.112093
1052.679077
0.104036
655.186096
1.033677
763.180664
5.764517
1718.250488
0.583918
2369.124756
0.231180
2830.243652
1.293567
1906.703857
0.047421
0.028520
1460.477051
0.070884
1429.796509
0.267451
381.078003
0.727275
0.000000
463.467896
558.595764
0.158677
0.009672
637.856628
4475.087402
4.330713
0.875027
117.880692
696.545715
5.509824
0.784573
224.727722
880.818176
92.543106
294.139343
369.917206
197.215271
1070.127441
1658.398071
22.962307
57.060532
136.859268
138.192123
0.242276
2.083375
0.886695
0.881814
3.961933
1.744031
4.272400
5.897918
0.336674
7.389144
74.737617
1.557960
0.113684
0.000000
0.154673
3.923402
12.321736
5.367699
5.851979
6.740077
46.852432
12.060493
18.721548
24.895153
22.940058
