126.476273
704.798157
98.609550
1.118021
0.000000
0.048760
0.173085
5.837761
73.220192
0.000332
0.893328
2.061227
21.788013
22.421698
737.417236
611.510803
1.729680
2.222475
0.068152
0.027058
25.236717
28.206486
734.671204
645.970215
1.217091
32.582577
3.860082
1.345168
0.688485
24.814753
22.180855
0.504116
12.257969
0.879304
1.278658
0.067197
1.625544
1.050181
1.821250
0.097098
0.536328
0.521942
0.096381
0.319596
0.717528
8.313964
0.184902
1.303193
8.552651
0.101278
1.245207
3.914551
552.722778
271.420868
1.237568
3.145962
67.849648
3.076023
9.100883
501.178406
541.962891
0.325203
0.636527
0.674171
7.132924
9.681863
715.844910
872.148865
0.000000
0.084142
0.548608
0.867835
10.374914
2110.607422
2315.129150
0.010179
0.430888
65.513283
25.671501
53.021999
2285.655762
10136.084961
0.121160
11.011064
116.151268
142.262939
212.269165
0.378581
1269.972046
3.123465
0.307042
9.080068
65.606163
0.191371
153.195160
369.697144
0.470983
0.608702
3.208617
4.094054
1.183578
0.000000
3.601586
19.723475
0.401805
1.578630
557.202148
2.202783
0.262103
0.541857
208.085175
82.948082
10.646574
0.721510
44.618500
455.678345
0.541857
0.545467
103.645515
1432.177490
0.043630
0.690461
652.717346
292.898041
0.548733
0.382922
1.408045
54.774410
6.647592
1.051598
1.526885
13.776220
3.626397
1.412624
0.972356
1.251815
2.678503
5.720173
8.147090
19.060169
2.006707
2.213325
0.238064
4.065987
15.540417
2.553446
217.200745
2.129795
12.333810
986.666565
228.027618
0.354331
0.797840
1615.540039
933.324036
0.950271
0.461410
0.039080
0.052339
1.531895
0.673884
122.428497
0.855580
0.538371
0.538371
8.011450
0.039042
1.276871
0.767374
3.106400
33.007908
0.541982
0.262103
0.009284
2.457249
0.064760
0.730608
2.888769
760.818909
0.394067
0.104154
0.234191
5.200901
0.405805
0.436233
2.975554
3.935105
0.121162
1.272475
1.500196
0.106562
0.114328
0.633780
210.107086
161.398651
1.207607
3.209541
3.864978
0.035686
1.281658
8.161574
1065.641479
214.863312
0.455703
0.104452
34.686493
30.079197
2.500598
0.817751
308.208801
272.592163
55.445942
1323.111694
16.940386
20.824785
307.454376
0.121645
1.302652
0.335292
1.368904
6.396475
11.185400
14.860747
0.736299
146.030136
8.869295
2.090282
1.236857
3.149783
31.041576
1.516618
12.489098
0.501702
3.820845
0.324988
0.637041
404.984375
1724.220093
2.824774
3.828424
0.613643
55.426712
0.000000
0.082986
1726.869873
1194.481934
0.319461
96.007271
55.975803
28.526337
0.010042
0.421035
1097.708984
420.173035
0.150139
2.024104
293.516418
17.998329
0.115367
11.101379
488.159271
546.786133
0.509853
1.948020
18.142021
47.912235
3.151120
0.280654
428.183502
169.265747
1.813539
2.626997
30.870287
58.496277
0.325335
0.102169
266.910858
244.722656
2.479042
0.159647
52.925217
6.039268
0.118749
11.256733
293.450897
146.489777
0.590733
1.594025
23.691767
140.756042
3.054633
0.297805
140.070511
274.833130
2.709897
3.623737
223.273453
212.895020
0.457145
0.601325
328.924652
231.683197
2.181699
12.470778
0.736374
1496.759521
0.390082
1.578558
287.488129
218.550858
98.129974
11.160252
228.399719
277.708557
10.786304
0.701384
287.076324
990.056580
3.332822
2.632384
5.328911
42.441288
0.062038
0.309957
478.231628
328.441467
22.881536
14.479981
20.263224
1.234434
0.467337
0.368542
370.865906
409.679810
219.001221
511.901855
0.630360
1.207830
1.522541
0.625850
421.659943
325.715668
768.661255
724.605896
2.780082
1.096215
1.275178
0.725148
344.946411
516.739258
1057.113159
566.253845
7.929956
1714.534302
0.054676
0.734980
573.513550
421.585052
863.265198
1165.093750
21.614710
940.843018
9.454590
116.043999
518.033203
427.191132
1579.627197
1516.259277
30.077322
67.514755
1.252384
26.852535
538.826599
566.670166
2179.561768
564.671631
392.968964
4.767595
701.007385
917.457397
266.830017
143.362473
746.075928
548.634399
210.447891
1107.727539
1185.090454
178.374756
143.054871
3.472892
61.204681
0.767237
299.436432
1438.601807
1904.510376
162.395248
534.203735
8.875074
76.535004
1.054030
478.996643
153.949097
1623.723267
123.265373
274.065826
229.624680
0.831397
2.193820
1725.443237
88.853752
3.015723
14.658904
8.182803
5.760648
17.925779
15.583934
120.326302
125.039360
255.519592
226.773987
0.262091
2.100532
9.840472
1.557116
125.955719
127.076920
223.885818
829.824585
0.395326
0.277045
0.366584
0.284291
132.866760
171.764084
267.209290
388.314178
0.124474
0.177538
0.592115
215.757080
194.702255
329.644806
347.472870
11.091997
0.697328
86.661964
192.934143
170.629974
345.994049
413.150391
14.769147
0.199745
34.002476
169.792664
1149.922119
259.392914
453.576202
165.530029
104.258110
3.991799
216.790466
133.574768
517.142944
324.752869
498.180023
1615.459961
4.458407
138.465515
141.582550
243.240082
93.589401
1392.469971
991.948364
2.639692
139.269653
136.623978
351.956848
995.894348
1294.856445
2797.218262
0.612089
152.634735
145.885071
5693.732910
593.006165
1713.928955
0.713703
119.695702
133.402283
87.451942
136.675171
127.701279
116.848625
155.988632
145.458771
0.605163
131.143417
133.931046
0.022959
0.234504
141.600220
137.872452
0.337810
153.625946
157.624420
2.003408
2.026168
172.159409
237.385727
1241.358521
0.006042
0.290426
0.045801
0.088196
2.213487
0.500601
0.519853
1.270827
9.969730
29.001190
242.067230
229.916962
678.571106
256.356567
220.105881
235.928574
6.611519
9.759476
237.710434
298.890778
2.859411
25.331671
372.720612
360.215485
20.249075
137.460052
348.544983
349.186249
299.200500
296.577026
1794.814575
1.424241
524.736877
561.790283
0.042964
0.779050
585.196350
630.965088
1.296740
0.748561
617.979919
547.364624
1.534772
0.647769
525.352478
779.031494
0.484300
0.405728
802.764404
771.056641
1.039702
0.161895
772.286377
786.406311
4.872038
3.207829
841.895569
867.922363
1.553113
0.625820
1146.375854
1267.222656
0.084762
0.807913
1305.768799
1250.431396
2.634002
1.002162
1233.054077
1217.430054
37.495735
3.547365
1415.690063
1261.991699
267.233978
202.631516
1965.116821
1761.289062
408.762054
313.790527
1449.101074
2473.264893
957.872986
616.338135
400.485870
464.931427
1378.130249
1705.537109
341.847137
373.867493
1742.435059
5253.586426
362.526459
335.597015
121.555153
735.937927
406.757172
306.923096
91.742111
333.338318
302.415741
352.894135
7.031762
43.672432
318.450531
351.218964
4.079335
5.871277
306.615753
402.640625
8.840532
5.088699
317.040131
511.135101
6.121806
13.823001
510.474182
543.781128
5.558684
5.654838
674.397644
457.611237
8.821346
6.357929
622.476501
3865.774902
40.444584
13.910215
323.919891
302.452942
59.046230
41.156815
408.842560
278.356537
123.994881
123.485741
415.267944
282.665771
212.395966
329.951691
287.033936
318.297485
1457.711182
629.783875
616.882690
290.629028
239.731750
280.517151
318.780548
3269.106689
1602.258911
3241.654297
527.203491
416.209564
430.304779
290.790527
299.685913
684.187378
13769.214844
313.082825
1470.611450
540.784180
1180.239502
309.051208
352.794434
790.267578
4050.668213
1164.563721
962.569031
796.243652
2272.383057
443.827789
498.513733
4462.741699
20505.240234
4444.200195
4120.256836
759.926941
5356.966797
461.219757
530.052002
4949.775391
21399.037109
8363.360352
13590.833008
31566.599609
2521.402100
32194.447266
18554.314453
489.307739
459.327393
5485.226562
22251.449219
481.027222
3668.813965
6099.772461
27695.878906
4211.210449
4089.526611
6807.021484
271691.031250
4496.353516
4113.514648
6646.044922
338613.718750
4512.617676
229492.062500
344942.375000
